ang,gain0,gain90
-180,2.06801,2.06801
-179,2.12791,1.63315
-178,2.1883,1.15579
-177,2.24769,0.63618
-176,2.30465,0.07556
-175,2.35783,-0.5231
-174,2.40601,-1.1542
-173,2.44811,-1.8078
-172,2.48318,-2.4673
-171,2.5104,-3.1074
-170,2.52908,-3.6916
-169,2.53862,-4.1734
-168,2.53848,-4.5021
-167,2.52821,-4.6358
-166,2.50742,-4.5568
-165,2.47572,-4.2784
-164,2.43281,-3.8396
-163,2.37841,-3.2897
-162,2.31229,-2.6753
-161,2.23432,-2.0333
-160,2.14447,-1.3895
-159,2.04283,-0.7607
-158,1.9297,-0.1569
-157,1.80555,0.41602
-156,1.67114,0.95539
-155,1.5275,1.45994
-154,1.37598,1.92941
-153,1.21827,2.36412
-152,1.0564,2.76465
-151,0.892714,3.13167
-150,0.729797,3.4659
-149,0.570415,3.76804
-148,0.417379,4.03876
-147,0.273397,4.27871
-146,0.140907,4.48854
-145,0.0219091,4.66888
-144,-0.0821883,4.82037
-143,-0.170673,4.9437
-142,-0.243584,5.03956
-141,-0.301701,5.10872
-140,-0.34647,5.152
-139,-0.379885,5.17025
-138,-0.404338,5.16438
-137,-0.422464,5.13535
-136,-0.436997,5.08414
-135,-0.450648,5.01171
-134,-0.466017,4.91904
-133,-0.48554,4.80702
-132,-0.511454,4.67646
-131,-0.545797,4.52804
-130,-0.59042,4.36229
-129,-0.647,4.17953
-128,-0.717064,3.97983
-127,-0.80201,3.76307
-126,-0.903116,3.52883
-125,-1.02155,3.27649
-124,-1.15835,3.0052
-123,-1.31443,2.71397
-122,-1.49054,2.40167
-121,-1.68724,2.06717
-120,-1.90487,1.70941
-119,-2.14348,1.32748
-118,-2.40283,0.92075
-117,-2.68234,0.48905
-116,-2.98105,0.03270
-115,-3.29771,-0.4472
-114,-3.63072,-0.9490
-113,-3.97832,-1.4700
-112,-4.33868,-2.0067
-111,-4.71012,-2.5549
-110,-5.09132,-3.1096
-109,-5.48165,-3.6660
-108,-5.88138,-4.2195
-107,-6.29189,-4.7661
-106,-6.7158,-5.3035
-105,-7.15694,-5.8306
-104,-7.62017,-6.3475
-103,-8.11099,-6.8546
-102,-8.63498,-7.3510
-101,-9.19684,-7.8323
-100,-9.79901,-8.2879
-99,-10.4395,-8.6989
-98,-11.1084,-9.0365
-97,-11.7834,-9.2651
-96,-12.4239,-9.3488
-95,-12.9676,-9.2641
-94,-13.336,-9.0096
-93,-13.4576,-8.6085
-92,-13.3006,-8.1009
-91,-12.8916,-7.5318
-90,-12.301,-6.9416
-89,-11.6098,-6.3619
-88,-10.8847,-5.8146
-87,-10.1711,-5.3141
-86,-9.49547,-4.8689
-85,-8.87095,-4.4833
-84,-8.30233,-4.1589
-83,-7.78917,-3.8954
-82,-7.32787,-3.6910
-81,-6.91281,-3.5428
-80,-6.53706,-3.4467
-79,-6.19273,-3.3974
-78,-5.87135,-3.3884
-77,-5.56416,-3.4115
-76,-5.26262,-3.4568
-75,-4.9589,-3.5131
-74,-4.6466,-3.5674
-73,-4.32133,-3.6066
-72,-3.9812,-3.6184
-71,-3.62702,-3.5928
-70,-3.26215,-3.5237
-69,-2.89203,-3.4105
-68,-2.52354,-3.2573
-67,-2.16424,-3.0727
-66,-1.82169,-2.8679
-65,-1.50287,-2.6547
-64,-1.21379,-2.4441
-63,-0.959181,-2.2450
-62,-0.74229,-2.0634
-61,-0.56471,-1.9018
-60,-0.426221,-1.7593
-59,-0.324608,-1.6318
-58,-0.255469,-1.5118
-57,-0.21207,-1.3892
-56,-0.185315,-1.2527
-55,-0.163976,-1.0907
-54,-0.135343,-0.8937
-53,-0.0864088,-0.6561
-52,-0.00554251,-0.3769
-51,0.115612,-0.0609
-50,0.280531,0.28301
-49,0.487047,0.64279
-48,0.727707,1.00528
-47,0.991108,1.35763
-46,1.26372,1.68838
-45,1.53163,1.98795
-44,1.7819,2.24878
-43,2.00332,2.46525
-42,2.18672,2.63348
-41,2.32506,2.75113
-40,2.41323,2.81725
-39,2.44803,2.83224
-38,2.42806,2.7978
-37,2.35386,2.71716
-36,2.22826,2.59529
-35,2.05693,2.43925
-34,1.84926,2.25864
-33,1.61942,2.06601
-32,1.38738,1.87699
-31,1.17935,1.71002
-30,1.02667,1.58524
-29,0.962168,1.52234
-28,1.0137,1.53765
-27,1.1969,1.64114
-26,1.51047,1.83445
-25,1.93704,2.11095
-24,2.44892,2.45757
-23,3.01541,2.85789
-22,3.60856,3.29495
-21,4.20594,3.7534
-20,4.7912,4.22055
-19,5.35331,4.68666
-18,5.8854,5.14468
-17,6.38361,5.58979
-16,6.84621,6.01891
-15,7.27285,6.43018
-14,7.66411,6.82267
-13,8.02115,7.19598
-12,8.34549,7.55006
-11,8.63881,7.88503
-10,8.90293,8.2011
-9,9.13968,8.49842
-8,9.35087,8.77711
-7,9.53826,9.03717
-6,9.70358,9.27852
-5,9.84846,9.50096
-4,9.97443,9.70419
-3,10.0829,9.88783
-2,10.1753,10.0514
-1,10.2528,10.1945
0,10.3165,10.3165
1,10.3673,10.4168
2,10.406,10.4948
3,10.4333,10.5498
4,10.4497,10.5814
5,10.4555,10.5887
6,10.4508,10.5713
7,10.4356,10.5284
8,10.4098,10.4594
9,10.3729,10.3638
10,10.3246,10.2409
11,10.2641,10.0901
12,10.1907,9.91084
13,10.1035,9.70256
14,10.0017,9.46477
15,9.88412,9.19702
16,9.74976,8.89896
17,9.5975,8.57037
18,9.42621,8.21121
19,9.2348,7.82174
20,9.02217,7.40254
21,8.78727,6.95469
22,8.52915,6.47994
23,8.24692,5.98088
24,7.93983,5.46118
25,7.60728,4.92588
26,7.24885,4.38156
27,6.86438,3.8366
28,6.45399,3.30111
29,6.01817,2.78667
30,5.55787,2.30567
31,5.07457,1.87011
32,4.57045,1.49019
33,4.0485,1.17278
34,3.51269,0.92035
35,2.96811,0.73070
36,2.42117,0.59757
37,1.87964,0.51199
38,1.35267,0.46385
39,0.850549,0.44337
40,0.384326,0.44207
41,-0.0350134,0.45335
42,-0.397556,0.47254
43,-0.695658,0.49674
44,-0.925043,0.52442
45,-1.08552,0.55495
46,-1.18111,0.58808
47,-1.21955,0.62355
48,-1.21133,0.66067
49,-1.16855,0.69811
50,-1.10381,0.73382
51,-1.0294,0.76504
52,-0.956755,0.78846
53,-0.896124,0.80038
54,-0.856517,0.79698
55,-0.845705,0.77453
56,-0.870304,0.72954
57,-0.935866,0.65892
58,-1.04694,0.56010
59,-1.2071,0.43104
60,-1.41891,0.27027
61,-1.68379,0.07690
62,-2.00176,-0.1493
63,-2.37112,-0.4082
64,-2.78792,-0.6989
65,-3.24529,-1.0199
66,-3.73278,-1.3688
67,-4.23574,-1.7427
68,-4.73534,-2.1374
69,-5.2095,-2.5477
70,-5.63552,-2.9670
71,-5.99416,-3.3874
72,-6.27431,-3.7997
73,-6.47636,-4.1939
74,-6.61239,-4.5599
75,-6.70329,-4.8893
76,-6.77412,-5.1759
77,-6.84985,-5.4182
78,-6.95246,-5.6190
79,-7.09969,-5.7865
80,-7.3048,-5.9324
81,-7.57694,-6.0713
82,-7.92143,-6.2188
83,-8.33987,-6.3900
84,-8.82976,-6.5990
85,-9.38347,-6.8582
86,-9.98652,-7.1777
87,-10.6151,-7.5651
88,-11.2334,-8.0247
89,-11.793,-8.5568
90,-12.236,-9.1553
91,-12.5065,-9.8046
92,-12.567,-10.475
93,-12.4119,-11.122
94,-12.0672,-11.679
95,-11.5769,-12.076
96,-10.9876,-12.257
97,-10.338,-12.208
98,-9.65697,-11.962
99,-8.96434,-11.580
100,-8.27387,-11.128
101,-7.59536,-10.654
102,-6.93618,-10.188
103,-6.30214,-9.7441
104,-5.69786,-9.3222
105,-5.12701,-8.9174
106,-4.59232,-8.5208
107,-4.09564,-8.1233
108,-3.63798,-7.7182
109,-3.21957,-7.3024
110,-2.8399,-6.877
111,-2.49779,-6.4468
112,-2.19145,-6.0195
113,-1.91856,-5.6039
114,-1.67632,-5.2088
115,-1.46153,-4.8422
116,-1.27064,-4.5106
117,-1.09991,-4.2188
118,-0.94547,-3.9699
119,-0.803461,-3.7656
120,-0.670169,-3.6062
121,-0.542162,-3.4907
122,-0.416405,-3.4173
123,-0.290361,-3.3834
124,-0.162047,-3.3857
125,-0.0300572,-3.4203
126,0.10646,-3.4830
127,0.247851,-3.5693
128,0.394026,-3.6745
129,0.544537,-3.7935
130,0.698646,-3.9213
131,0.855379,-4.0523
132,1.01356,-4.1811
133,1.17186,-4.3017
134,1.32876,-4.4077
135,1.48264,-4.4926
136,1.63174,-4.5500
137,1.77425,-4.5733
138,1.90831,-4.557
139,2.03211,-4.4963
140,2.14392,-4.3883
141,2.24221,-4.2318
142,2.32569,-4.0275
143,2.3934,-3.7779
144,2.44472,-3.4869
145,2.47949,-3.1594
146,2.49796,-2.8008
147,2.50083,-2.4167
148,2.48927,-2.0125
149,2.46483,-1.5937
150,2.42942,-1.1651
151,2.3852,-0.7314
152,2.3345,-0.2970
153,2.27969,0.13379
154,2.22304,0.55732
155,2.1666,0.96989
156,2.11211,1.36815
157,2.06088,1.749
158,2.01378,2.10967
159,1.97126,2.44765
160,1.93336,2.76074
161,1.89985,3.047
162,1.87029,3.30477
163,1.8442,3.53261
164,1.82114,3.72933
165,1.80082,3.89388
166,1.78317,4.0254
167,1.76835,4.12316
168,1.75677,4.18652
169,1.74906,4.21491
170,1.74596,4.20781
171,1.7483,4.16475
172,1.75683,4.08524
173,1.77221,3.96877
174,1.79483,3.81481
175,1.82485,3.62279
176,1.86206,3.39208
177,1.90594,3.12198
178,1.95566,2.81177
179,2.01012,2.46068
180,2.06801,2.06801